10
4
20
3
30
4
40
4
50
4
60
5
70
4
110
5
120
6
130
1
140
2
150
3
160
3
170
7
210
5
220
1
230
2
240
2
250
4
260
4
270
4
310
4
320
6
330
4
340
4
350
3
360
4
370
4
410
5
420
6
430
6
440
4
450
2
460
2
470
3
510
4
520
4
530
4
540
5
550
5
560
6
570
3
610
4
620
4
630
4
640
4
650
5
660
7
670
4
710
7
720
4
730
5
740
2
750
7
760
6
770
4
110
4
120
5
130
1
140
2
150
4
160
4
170
2
210
2
220
4
230
5
240
5
250
4
260
4
270
1
310
4
320
2
330
5
340
4
350
3
360
4
370
4
410
5
420
6
430
6
440
4
450
2
460
2
470
3
510
4
520
2
530
2
540
5
550
5
560
6
570
4
610
4
620
4
630
4
640
6
650
3
660
4
670
3
710
7
720
7
730
4
740
2
750
5
760
4
770
4
1110
4
1120
3
1130
4
1140
2
1150
4
1160
7
1170
4
1210
1
1220
2
1230
3
1240
4
1250
6
1260
5
1270
7
1310
1
1320
3
1330
4
1340
4
1350
1
1360
6
1370
4
1410
1
1420
4
1430
3
1440
4
1450
4
1460
4
1470
4
1510
4
1520
4
1530
7
1540
5
1550
4
1560
2
1570
4
1610
4
1620
4
1630
6
1640
3
1650
2
1660
4
1670
2
1710
1
1720
5
1730
5
1740
2
1750
4
1760
6
1770
4
2110
3
2120
1
2130
2
2140
3
2150
3
2160
5
2170
1
2210
4
2220
3
2230
4
2240
3
2250
4
2260
3
2270
4
2310
1
2320
2
2330
3
2340
4
2350
5
2360
7
2370
6
2410
2
2420
7
2430
2
2440
5
2450
4
2460
4
2470
4
2510
4
2520
4
2530
7
2540
5
2550
1
2560
1
2570
2
2610
4
2620
2
2630
4
2640
3
2650
6
2660
4
2670
3
2710
5
2720
4
2730
4
2740
3
2750
3
2760
3
2770
4
3110
4
3120
2
3130
5
3140
5
3150
4
3160
4
3170
4
3210
3
3220
7
3230
3
3240
3
3250
4
3260
2
3270
6
3310
4
3320
4
3330
4
3340
2
3350
4
3360
5
3370
4
3410
3
3420
4
3430
3
3440
4
3450
3
3460
4
3470
4
3510
7
3520
4
3530
3
3540
4
3550
5
3560
3
3570
3
3610
4
3620
4
3630
3
3640
2
3650
2
3660
2
3670
2
3710
5
3720
4
3730
4
3740
2
3750
4
3760
5
3770
4
4110
6
4120
3
4130
5
4140
5
4150
3
4160
5
4170
6
4210
4
4220
6
4230
3
4240
4
4250
6
4260
5
4270
6
4310
4
4320
4
4330
3
4340
4
4350
4
4360
3
4370
3
4410
2
4420
3
4430
5
4440
4
4450
3
4460
5
4470
6
4510
2
4520
1
4530
4
4540
4
4550
4
4560
4
4570
4
4610
3
4620
3
4630
2
4640
4
4650
5
4660
1
4670
4
4710
2
4720
3
4730
2
4740
3
4750
3
4760
5
4770
2
5110
4
5120
3
5130
4
5140
3
5150
4
5160
4
5170
2
5210
6
5220
6
5230
6
5240
6
5250
5
5260
4
5270
3
5310
2
5320
5
5330
7
5340
4
5350
5
5360
1
5370
1
5410
4
5420
4
5430
3
5440
4
5450
5
5460
6
5470
5
5510
4
5520
3
5530
4
5540
6
5550
4
5560
4
5570
4
5610
2
5620
6
5630
2
5640
5
5650
5
5660
5
5670
5
5710
4
5720
4
5730
4
5740
3
5750
3
5760
6
5770
4
6110
3
6120
5
6130
1
6140
5
6150
4
6160
4
6170
4
6210
5
6220
4
6230
5
6240
5
6250
4
6260
4
6270
4
6310
5
6320
7
6330
4
6340
3
6350
4
6360
4
6370
2
6410
4
6420
4
6430
4
6440
3
6450
4
6460
3
6470
4
6510
2
6520
1
6530
3
6540
4
6550
5
6560
6
6570
7
6610
4
6620
4
6630
4
6640
5
6650
4
6660
5
6670
4
6710
6
6720
3
6730
5
6740
5
6750
6
6760
7
6770
5
7110
4
7120
4
7130
4
7140
6
7150
3
7160
4
7170
7
7210
6
7220
4
7230
6
7240
2
7250
6
7260
4
7270
4
7310
5
7320
6
7330
5
7340
3
7350
4
7360
5
7370
5
7410
1
7420
2
7430
4
7440
4
7450
5
7460
6
7470
7
7510
4
7520
1
7530
3
7540
5
7550
4
7560
5
7570
2
7610
1
7620
3
7630
2
7640
4
7650
5
7660
6
7670
7
7710
2
7720
5
7730
4
7740
5
7750
4
7760
5
7770
4